
n   pp          cycle1          cycle2      cycle3
1-4 ...         0               0           0
5   112         7               7           7
6   304         77              77          29
7   800         1255            1212        152
8   2048        30391           28226       750
9   5312        1041727         922766      4610
10  13824       48272011        40511278    29942
11  35840       2915065367      2310399981  219389
12                                          1738809
13                                          15188849
